# Made in Blockbench 4.5.2
mtllib ship.mtl

o pyramid
v 0 2.5618329695513165 3.581833799991342
v 0.0625 2.561620462865383 2.0560143628229364
v 0.0625 3.9955615537429896 4.103894473545423
v -0.0625 2.561620462865383 2.0560143628229364
v -0.0625 3.9955615537429896 4.103894473545423
vt 0.015625 0.453125
vt 0.015625 0.765625
vt 0 0.765625
vt 0 0.453125
vt 0 0.890346875
vt 0.3125 0.890346875
vt 0.15625 1
vt 0.015625 0.5753772059751366
vt 0.0312369082387078 0.5747377170024659
vt 0.031236908238707818 0.765625
vt 0.03126309176129218 0.5753772059751366
vt 0.04687499999999998 0.5747377170024659
vt 0.046875 0.765625
vt 0 0.773159375
vt 0.3125 0.773159375
vt 0.15625 0.8828125
vn 0 0.8191520442889942 -0.5735764363510426
vn 0.997458699830735 -0.05836216664715632 0.04086562903258979
vn 0 -0.9999999903014032 0.00013927380835226935
vn 0 -0.3421510145785386 0.9396449772243114
vn -0.997458699830735 -0.05836216664715632 0.04086562903258979
usemtl m_b582e62c-e1d6-5cc5-ef99-460d5967d116
f 3/1/1 2/2/1 4/3/1 5/4/1
f 2/5/2 3/6/2 1/7/2
f 4/8/3 2/9/3 1/10/3
f 3/11/4 5/12/4 1/13/4
f 5/14/5 4/15/5 1/16/5
o cube
v 1.2332531754730547 0.7757214207425065 3.5625
v 1.2332531754730547 0.7757214207425065 1.25
v 1.125 0.7132214207425065 3.5625
v 1.125 0.7132214207425065 1.25
v 0.1707531754730548 2.6160254037844384 1.25
v 0.1707531754730548 2.6160254037844384 3.5625
v 0.0625 2.5535254037844384 1.25
v 0.0625 2.5535254037844384 3.5625
vt 0.234375 1
vt 0.5 1
vt 0.5 0.984375
vt 0.234375 0.984375
vt 0.2109375 1
vt 0.5 1
vt 0.5 0.984375
vt 0.2109375 0.984375
vt 0.234375 1
vt 0.5 1
vt 0.5 0.984375
vt 0.234375 0.984375
vt 0.2109375 1
vt 0.5 1
vt 0.5 0.984375
vt 0.2109375 0.984375
vt 0.234375 1
vt 0.5 1
vt 0.5 0.7109375
vt 0.234375 0.7109375
vt 0.234375 1
vt 0.5 1
vt 0.5 0.7109375
vt 0.234375 0.7109375
vn 0 0 -1
vn 0.5 -0.8660254037844386 0
vn 0 0 1
vn -0.5 0.8660254037844386 0
vn 0.8660254037844386 0.5 0
vn -0.8660254037844386 -0.5 0
usemtl m_62615881-b27c-7012-8a1d-c87b67a2c69a
f 9/20/6 12/19/6 10/18/6 7/17/6
f 8/24/7 9/23/7 7/22/7 6/21/7
f 13/28/8 8/27/8 6/26/8 11/25/8
f 12/32/9 13/31/9 11/30/9 10/29/9
f 11/36/10 6/35/10 7/34/10 10/33/10
f 12/40/11 9/39/11 8/38/11 13/37/11
o cube
v 3.6003621904227217 3.0330317952393644 3.5625
v 3.6003621904227217 3.0330317952393644 2.875
v 3.6166779644502274 2.909101187567638 3.5625
v 3.6166779644502274 2.909101187567638 2.875
v 0.13030517561438515 2.5761901224691806 2.875
v 0.13030517561438515 2.5761901224691806 3.5625
v 0.14662094964189165 2.452259514797454 2.875
v 0.14662094964189165 2.452259514797454 3.5625
vt 0.0625 1
vt 0.5 1
vt 0.5 0.984375
vt 0.0625 0.984375
vt 0.0859375 1
vt 0.171875 1
vt 0.171875 0.984375
vt 0.0859375 0.984375
vt 0.0625 1
vt 0.5 1
vt 0.5 0.984375
vt 0.0625 0.984375
vt 0.0859375 1
vt 0.171875 1
vt 0.171875 0.984375
vt 0.0859375 0.984375
vt 0.0625 1
vt 0.5 1
vt 0.5 0.9140625
vt 0.0625 0.9140625
vt 0.0625 1
vt 0.5 1
vt 0.5 0.9140625
vt 0.0625 0.9140625
vn 0 0 -1
vn 0.9914448613738103 0.13052619222005246 0
vn 0 0 1
vn -0.9914448613738103 -0.13052619222005246 0
vn -0.13052619222005246 0.9914448613738103 0
vn 0.13052619222005246 -0.9914448613738103 0
usemtl m_994fff11-7665-28e7-b7d4-693b1ef39239
f 17/44/12 20/43/12 18/42/12 15/41/12
f 16/48/13 17/47/13 15/46/13 14/45/13
f 21/52/14 16/51/14 14/50/14 19/49/14
f 20/56/15 21/55/15 19/54/15 18/53/15
f 19/60/16 14/59/16 15/58/16 18/57/16
f 20/64/17 17/63/17 16/62/17 21/61/17
o cube
v 3.5925508927072016 3.082997645114589 3.6120297229553833
v 3.9363008927072016 3.1089682996842667 3.01720393955219
v 3.6137457048925423 2.8967449022729896 3.616146240951135
v 3.9574957048925423 2.9227155568426677 3.0213204575479424
v 0.9311433653027903 2.7282423195130967 1.2638996409470376
v 0.5873933653027898 2.702271664943419 1.8587254243502302
v 0.952338177488131 2.541989576671498 1.2680161589427896
v 0.6085881774881303 2.51601892210182 1.8628419423459825
vt 0 0.65625
vt 0.875 0.65625
vt 0.875 0.609375
vt 0 0.609375
vt 0.171875 0.5625
vt 0.34375 0.5625
vt 0.34375 0.515625
vt 0.171875 0.515625
vt 0 0.609375
vt 0.875 0.609375
vt 0.875 0.5625
vt 0 0.5625
vt 0 0.5625
vt 0.171875 0.5625
vt 0.171875 0.515625
vt 0 0.515625
vt 0 1
vt 0.875 1
vt 0.875 0.828125
vt 0 0.828125
vt 0 0.828125
vt 0.875 0.828125
vt 0.875 0.65625
vt 0 0.65625
vn 0.5000000000000008 0.037775497555895 -0.8652011394955532
vn 0.8586164364012605 0.10877885147747711 0.500944085315758
vn -0.5000000000000008 -0.037775497555895 0.8652011394955532
vn -0.8586164364012605 -0.10877885147747711 -0.500944085315758
vn -0.11303899832181619 0.993347961821861 -0.02195476264401154
vn 0.11303899832181619 -0.993347961821861 0.02195476264401154
usemtl m_cacfb8c7-6449-48af-0c7e-9799e265096c
f 25/68/18 28/67/18 26/66/18 23/65/18
f 24/72/19 25/71/19 23/70/19 22/69/19
f 29/76/20 24/75/20 22/74/20 27/73/20
f 28/80/21 29/79/21 27/78/21 26/77/21
f 27/84/22 22/83/22 23/82/22 26/81/22
f 28/88/23 25/87/23 24/86/23 29/85/23
o cube
v 0.9474108242335317 2.758931473865535 1.9940014244028421
v 0.947697102744893 2.7545766467009 1.244014122160344
v 0.9681789576834232 2.572588385250232 1.995091359408578
v 0.9684652361947843 2.568233558085597 1.2451040571660803
v 0.14019663234086743 2.664581122590824 1.2442284523496936
v 0.13991035382950612 2.6689359497554586 1.994215754592192
v 0.1609647657907589 2.4782380339755203 1.2453183873554297
v 0.1606784872793976 2.482592861140155 1.9953056895979278
vt 0.203125 1
vt 0.40625 1
vt 0.40625 0.953125
vt 0.203125 0.953125
vt 0.1875 1
vt 0.375 1
vt 0.375 0.953125
vt 0.1875 0.953125
vt 0.203125 1
vt 0.40625 1
vt 0.40625 0.953125
vt 0.203125 0.953125
vt 0.1875 1
vt 0.375 1
vt 0.375 0.953125
vt 0.1875 0.953125
vt 0.203125 1
vt 0.40625 1
vt 0.40625 0.8125
vt 0.203125 0.8125
vt 0.203125 1
vt 0.40625 1
vt 0.40625 0.8125
vt 0.203125 0.8125
vn 0.0003817046818150603 -0.0058064362195129355 -0.9999830696566641
vn 0.9938467328049545 0.11076372198163309 -0.00026379100227620053
vn -0.0003817046818150603 0.0058064362195129355 0.9999830696566641
vn -0.9938467328049545 -0.11076372198163309 0.00026379100227620053
vn -0.11076337839942076 0.9938298059482842 -0.005812986697258934
vn 0.11076337839942076 -0.9938298059482842 0.005812986697258934
usemtl m_cacfb8c7-6449-48af-0c7e-9799e265096c
f 33/92/24 36/91/24 34/90/24 31/89/24
f 32/96/25 33/95/25 31/94/25 30/93/25
f 37/100/26 32/99/26 30/98/26 35/97/26
f 36/104/27 37/103/27 35/102/27 34/101/27
f 35/108/28 30/107/28 31/106/28 34/105/28
f 36/112/29 33/111/29 32/110/29 37/109/29
o cube
v 2.299090809869595 2.8617161679505454 2.875
v 2.299090809869595 2.8617161679505454 2.4375
v 2.3154065838971016 2.7377855602788195 2.875
v 2.3154065838971016 2.7377855602788195 2.4375
v 0.13030517561438515 2.5761901224691806 2.4375
v 0.13030517561438515 2.5761901224691806 2.875
v 0.14662094964189165 2.452259514797454 2.4375
v 0.14662094964189165 2.452259514797454 2.875
vt 0.2265625 1
vt 0.5 1
vt 0.5 0.984375
vt 0.2265625 0.984375
vt 0.0546875 1
vt 0.109375 1
vt 0.109375 0.984375
vt 0.0546875 0.984375
vt 0.2265625 1
vt 0.5 1
vt 0.5 0.984375
vt 0.2265625 0.984375
vt 0.0546875 1
vt 0.109375 1
vt 0.109375 0.984375
vt 0.0546875 0.984375
vt 0.2265625 1
vt 0.5 1
vt 0.5 0.9453125
vt 0.2265625 0.9453125
vt 0.2265625 1
vt 0.5 1
vt 0.5 0.9453125
vt 0.2265625 0.9453125
vn 0 0 -1
vn 0.9914448613738103 0.13052619222005246 0
vn 0 0 1
vn -0.9914448613738103 -0.13052619222005246 0
vn -0.13052619222005246 0.9914448613738103 0
vn 0.13052619222005246 -0.9914448613738103 0
usemtl m_994fff11-7665-28e7-b7d4-693b1ef39239
f 41/116/30 44/115/30 42/114/30 39/113/30
f 40/120/31 41/119/31 39/118/31 38/117/31
f 45/124/32 40/123/32 38/122/32 43/121/32
f 44/128/33 45/127/33 43/126/33 42/125/33
f 43/132/34 38/131/34 39/130/34 42/129/34
f 44/136/35 41/135/35 40/134/35 45/133/35
o cube
v 1.6174724676751007 2.7719794107992595 2.4375
v 1.6174724676751007 2.7719794107992595 2
v 1.6337882417026073 2.648048803127533 2.4375
v 1.6337882417026073 2.648048803127533 2
v 0.13030517561438515 2.5761901224691806 2
v 0.13030517561438515 2.5761901224691806 2.4375
v 0.14662094964189165 2.452259514797454 2
v 0.14662094964189165 2.452259514797454 2.4375
vt 0.1875 1
vt 0.375 1
vt 0.375 0.984375
vt 0.1875 0.984375
vt 0.0546875 1
vt 0.109375 1
vt 0.109375 0.984375
vt 0.0546875 0.984375
vt 0.1875 1
vt 0.375 1
vt 0.375 0.984375
vt 0.1875 0.984375
vt 0.0546875 1
vt 0.109375 1
vt 0.109375 0.984375
vt 0.0546875 0.984375
vt 0.1875 1
vt 0.375 1
vt 0.375 0.9453125
vt 0.1875 0.9453125
vt 0.1875 1
vt 0.375 1
vt 0.375 0.9453125
vt 0.1875 0.9453125
vn 0 0 -1
vn 0.9914448613738103 0.13052619222005246 0
vn 0 0 1
vn -0.9914448613738103 -0.13052619222005246 0
vn -0.13052619222005246 0.9914448613738103 0
vn 0.13052619222005246 -0.9914448613738103 0
usemtl m_994fff11-7665-28e7-b7d4-693b1ef39239
f 49/140/36 52/139/36 50/138/36 47/137/36
f 48/144/37 49/143/37 47/142/37 46/141/37
f 53/148/38 48/147/38 46/146/38 51/145/38
f 52/152/39 53/151/39 51/150/39 50/149/39
f 51/156/40 46/155/40 47/154/40 50/153/40
f 52/160/41 49/159/41 48/158/41 53/157/41
o cube
v 0.2460778962723581 2.6544712003325506 3.625
v 0.2460778962723581 2.6544712003325506 1.25
v 0.2705515573136179 2.468575288824961 3.625
v 0.2705515573136179 2.468575288824961 1.25
v -0.0017833190710945246 2.6218396522775373 1.25
v -0.0017833190710945246 2.6218396522775373 3.625
v 0.022690341970165395 2.435943740769948 1.25
v 0.022690341970165395 2.435943740769948 3.625
vt 0.125 0.90625
vt 0.1875 0.90625
vt 0.1875 0.859375
vt 0.125 0.859375
vt 0.125 1
vt 0.703125 1
vt 0.703125 0.953125
vt 0.125 0.953125
vt 0.125 0.859375
vt 0.1875 0.859375
vt 0.1875 0.8125
vt 0.125 0.8125
vt 0.125 0.953125
vt 0.703125 0.953125
vt 0.703125 0.90625
vt 0.125 0.90625
vt 0.0625 0.421875
vt 0 0.421875
vt 0 1
vt 0.0625 1
vt 0.125 1
vt 0.0625 1
vt 0.0625 0.421875
vt 0.125 0.421875
vn 0 0 -1
vn 0.9914448613738103 0.13052619222005246 0
vn 0 0 1
vn -0.9914448613738103 -0.13052619222005246 0
vn -0.13052619222005246 0.9914448613738103 0
vn 0.13052619222005246 -0.9914448613738103 0
usemtl m_96e5cec6-61ff-e57b-663f-81bf58217849
f 57/164/42 60/163/42 58/162/42 55/161/42
f 56/168/43 57/167/43 55/166/43 54/165/43
f 61/172/44 56/171/44 54/170/44 59/169/44
f 60/176/45 61/175/45 59/174/45 58/173/45
f 59/180/46 54/179/46 55/178/46 58/177/46
f 60/184/47 57/183/47 56/182/47 61/181/47
o cube
v 3.044945138701617 0.15044143427257062 3.5625
v 3.044945138701617 0.15044143427257062 1.25
v 3.002192620785909 0.03297985667433201 3.5625
v 3.002192620785909 0.03297985667433201 1.25
v 1.1655598971297998 0.8344817209239066 1.25
v 1.1655598971297998 0.8344817209239066 3.5625
v 1.1228073792140914 0.717020143325668 1.25
v 1.1228073792140914 0.717020143325668 3.5625
vt 0.25 1
vt 0.5 1
vt 0.5 0.984375
vt 0.25 0.984375
vt 0.2109375 1
vt 0.5 1
vt 0.5 0.984375
vt 0.2109375 0.984375
vt 0.25 1
vt 0.5 1
vt 0.5 0.984375
vt 0.25 0.984375
vt 0.2109375 1
vt 0.5 1
vt 0.5 0.984375
vt 0.2109375 0.984375
vt 0.25 1
vt 0.5 1
vt 0.5 0.7109375
vt 0.25 0.7109375
vt 0.25 1
vt 0.5 1
vt 0.5 0.7109375
vt 0.25 0.7109375
vn 0 0 -1
vn 0.9396926207859086 -0.342020143325668 0
vn 0 0 1
vn -0.9396926207859086 0.342020143325668 0
vn 0.342020143325668 0.9396926207859086 0
vn -0.342020143325668 -0.9396926207859086 0
usemtl m_62615881-b27c-7012-8a1d-c87b67a2c69a
f 65/188/48 68/187/48 66/186/48 63/185/48
f 64/192/49 65/191/49 63/190/49 62/189/49
f 69/196/50 64/195/50 62/194/50 67/193/50
f 68/200/51 69/199/51 67/198/51 66/197/51
f 67/204/52 62/203/52 63/202/52 66/201/52
f 68/208/53 65/207/53 64/206/53 69/205/53
o cube
v 6.790903120539577 0.49464986373925934 3.5625
v 6.790903120539577 0.49464986373925934 2.75
v 6.8017975883830335 0.3701255264777912 3.5625
v 6.8017975883830335 0.3701255264777912 2.75
v 2.992910834064797 0.16236859451380914 2.75
v 2.992910834064797 0.16236859451380914 3.5625
v 3.0038053019082547 0.037844257252340974 2.75
v 3.0038053019082547 0.037844257252340974 3.5625
vt 0.046875 1
vt 1 1
vt 1 0.96875
vt 0.046875 0.96875
vt 0.203125 1
vt 0.40625 1
vt 0.40625 0.96875
vt 0.203125 0.96875
vt 0.046875 1
vt 1 1
vt 1 0.96875
vt 0.046875 0.96875
vt 0.203125 1
vt 0.40625 1
vt 0.40625 0.96875
vt 0.203125 0.96875
vt 0.046875 1
vt 1 1
vt 1 0.796875
vt 0.046875 0.796875
vt 0.046875 1
vt 1 1
vt 1 0.796875
vt 0.046875 0.796875
vn 0 0 -1
vn 0.9961946980917454 0.08715574274765908 0
vn 0 0 1
vn -0.9961946980917454 -0.08715574274765908 0
vn -0.08715574274765908 0.9961946980917454 0
vn 0.08715574274765908 -0.9961946980917454 0
usemtl m_994fff11-7665-28e7-b7d4-693b1ef39239
f 73/212/54 76/211/54 74/210/54 71/209/54
f 72/216/55 73/215/55 71/214/55 70/213/55
f 77/220/56 72/219/56 70/218/56 75/217/56
f 76/224/57 77/223/57 75/222/57 74/221/57
f 75/228/58 70/227/58 71/226/58 74/225/58
f 76/232/59 73/231/59 72/230/59 77/229/59
o cube
v 6.770591246632854 0.5436749690348177 3.560508115298177
v 7.145761994886319 0.5436749690348177 2.839811813340872
v 6.785086513131142 0.35688846314261546 3.5680538734261518
v 7.160257261384607 0.35688846314261546 2.847357571468847
v 3.2246295117295634 0.1569213605920804 0.7985994417613123
v 2.8494587634760977 0.1569213605920804 1.5192957437186174
v 3.239124778227851 -0.02986514530012191 0.8061451998892877
v 2.8639540299743853 -0.02986514530012191 1.5268415018465924
vt 0 1
vt 1 1
vt 1 0.953125
vt 0 0.953125
vt 0.203125 1
vt 0.40625 1
vt 0.40625 0.953125
vt 0.203125 0.953125
vt 0 1
vt 1 1
vt 1 0.953125
vt 0 0.953125
vt 0.203125 1
vt 0.40625 1
vt 0.40625 0.953125
vt 0.203125 0.953125
vt 0 1
vt 1 1
vt 1 0.796875
vt 0 0.796875
vt 0 1
vt 1 1
vt 1 0.796875
vt 0 0.796875
vn 0.4617486132350344 0 -0.8870108331782216
vn 0.8836354891620859 0.08715574274765911 0.4599915203559572
vn -0.4617486132350344 0 0.8870108331782216
vn -0.8836354891620859 -0.08715574274765911 -0.4599915203559572
vn -0.07730808799086786 0.9961946980917454 -0.040244043349201
vn 0.07730808799086786 -0.9961946980917454 0.040244043349201
usemtl m_007e98d7-30a8-48eb-e434-ba9a39c50384
f 81/236/60 84/235/60 82/234/60 79/233/60
f 80/240/61 81/239/61 79/238/61 78/237/61
f 85/244/62 80/243/62 78/242/62 83/241/62
f 84/248/63 85/247/63 83/246/63 82/245/63
f 83/252/64 78/251/64 79/250/64 82/249/64
f 84/256/65 81/255/65 80/254/65 85/253/65
o cube
v 5.483397579294161 0.3802579513829568 2.75
v 5.483397579294161 0.3802579513829568 2.1875
v 5.494292047137618 0.25573361412148865 2.75
v 5.494292047137618 0.25573361412148865 2.1875
v 2.992910834064797 0.16236859451380914 2.1875
v 2.992910834064797 0.16236859451380914 2.75
v 3.0038053019082547 0.037844257252340974 2.1875
v 3.0038053019082547 0.037844257252340974 2.75
vt 0.375 1
vt 1 1
vt 1 0.96875
vt 0.375 0.96875
vt 0.140625 1
vt 0.28125 1
vt 0.28125 0.96875
vt 0.140625 0.96875
vt 0.375 1
vt 1 1
vt 1 0.96875
vt 0.375 0.96875
vt 0.140625 1
vt 0.28125 1
vt 0.28125 0.96875
vt 0.140625 0.96875
vt 0.375 1
vt 1 1
vt 1 0.859375
vt 0.375 0.859375
vt 0.375 1
vt 1 1
vt 1 0.859375
vt 0.375 0.859375
vn 0 0 -1
vn 0.9961946980917454 0.08715574274765908 0
vn 0 0 1
vn -0.9961946980917454 -0.08715574274765908 0
vn -0.08715574274765908 0.9961946980917454 0
vn 0.08715574274765908 -0.9961946980917454 0
usemtl m_994fff11-7665-28e7-b7d4-693b1ef39239
f 89/260/66 92/259/66 90/258/66 87/257/66
f 88/264/67 89/263/67 87/262/67 86/261/67
f 93/268/68 88/267/68 86/266/68 91/265/68
f 92/272/69 93/271/69 91/270/69 90/269/69
f 91/276/70 86/275/70 87/274/70 90/273/70
f 92/280/71 89/279/71 88/278/71 93/277/71
o cube
v 4.492650115124144 0.2308400400045636 2.1875
v 4.492650115124144 0.2308400400045636 1.5
v 4.498097349045873 0.1685778713738295 2.1875
v 4.498097349045873 0.1685778713738295 1.5
v 2.998358067986526 0.10010642588307506 1.5
v 2.998358067986526 0.10010642588307506 2.1875
v 3.0038053019082547 0.037844257252340974 1.5
v 3.0038053019082547 0.037844257252340974 2.1875
vt 0 0.640625
vt 0.375 0.640625
vt 0.375 0.609375
vt 0 0.609375
vt 0.171875 1
vt 0.34375 1
vt 0.34375 0.96875
vt 0.171875 0.96875
vt 0 0.671875
vt 0.375 0.671875
vt 0.375 0.640625
vt 0 0.640625
vt 0.171875 1
vt 0.34375 1
vt 0.34375 0.96875
vt 0.171875 0.96875
vt 0 0.828125
vt 0.375 0.828125
vt 0.375 1
vt 0 1
vt 0 0.828125
vt 0.375 0.828125
vt 0.375 0.671875
vt 0 0.671875
vn 0 0 -1
vn 0.9961946980917454 0.08715574274765908 0
vn 0 0 1
vn -0.9961946980917454 -0.08715574274765908 0
vn -0.08715574274765908 0.9961946980917454 0
vn 0.08715574274765908 -0.9961946980917454 0
usemtl m_045908e0-6ee5-2295-479b-ca5738af9a47
f 97/284/72 100/283/72 98/282/72 95/281/72
f 96/288/73 97/287/73 95/286/73 94/285/73
f 101/292/74 96/291/74 94/290/74 99/289/74
f 100/296/75 101/295/75 99/294/75 98/293/75
f 99/300/76 94/299/76 95/298/76 98/297/76
f 100/304/77 97/303/77 96/302/77 101/301/77
o cylinder
v 3.25 0.06250000000000058 0.9375
v 3.25 0.06249999999999875 -0.4375
v 3.2886751345948126 0.12500000000000058 0.9374999999999999
v 3.2886751345948126 0.12499999999999875 -0.4375000000000001
v 3.3273502691896257 0.06250000000000058 0.9375
v 3.3273502691896257 0.06249999999999876 -0.4375
v 3.2886751345948126 5.828670879282072e-16 0.9375000000000001
v 3.2886751345948126 -1.2490009027033011e-15 -0.4374999999999999
v 3.211324865405187 5.898059818321144e-16 0.9375
v 3.211324865405187 -1.2490009027033011e-15 -0.4374999999999999
v 3.1726497308103743 0.06250000000000057 0.9375
v 3.1726497308103743 0.06249999999999874 -0.4375
v 3.211324865405187 0.12500000000000056 0.9375
v 3.211324865405187 0.12499999999999872 -0.4375000000000001
vt 0.1443375 0.875
vt 0.07216875 1
vt 0 0.875
vt 0 0.875
vt 0.1443375 0.875
vt 0.1443375 1
vt 0 1
vt 0.07216875 0.875
vt 0.1443375 1
vt 0 1
vt 0.07216875 0.875
vt 0.1443375 1
vt 0 1
vt 0 0.875
vt 0.1443375 0.875
vt 0.1443375 1
vt 0 1
vt 0.1443375 0.875
vt 0.07216875 1
vt 0 0.875
vt 0 0.875
vt 0.1443375 0.875
vt 0.07216875 1
vt 0 0.875
vt 0.1443375 0.875
vt 0.1443375 1
vt 0 1
vt 0.1443375 1
vt 0 1
vt 0.07216875 0.875
vt 0 1
vt 0.07216875 0.875
vt 0.1443375 1
vt 0 0.875
vt 0.1443375 0.875
vt 0.1443375 1
vt 0 1
vt 0.07216875 1
vt 0 0.875
vt 0.1443375 0.875
vt 0.07216875 1
vt 0 0.875
vt 0.1443375 0.875
vt 0 0.875
vt 0.1443375 0.875
vt 0.1443375 1
vt 0 1
vt 0 1
vt 0.07216875 0.875
vt 0.1443375 1
vt 0.1443375 1
vt 0 1
vt 0.07216875 0.875
vt 0 0.875
vt 0.1443375 0.875
vt 0.1443375 1
vt 0 1
vt 0 0.875
vt 0.1443375 0.875
vt 0.07216875 1
vn 0 1.3322676295501878e-15 1
vn 0.8503585501878059 0.5262037021178135 -7.010441588810326e-16
vn 0 -1.3322676295501878e-15 -1
vn 0 1.3322676295501878e-15 1
vn 0.8503585501878062 -0.5262037021178135 7.010441588810326e-16
vn 0 -1.3322676295501878e-15 -1
vn 0 1.3322676295501878e-15 1
vn -8.97074305830325e-17 -1 1.3322676295501878e-15
vn 0 -1.3322676295501878e-15 -1
vn 0 1.3322676295501878e-15 1
vn -0.850358550187806 -0.5262037021178134 7.010441588810324e-16
vn 0 -1.3322676295501878e-15 -1
vn 0 1.3322676295501878e-15 1
vn -0.8503585501878063 0.5262037021178131 -7.010441588810321e-16
vn 0 -1.3322676295501878e-15 -1
vn 0 1.3322676295501878e-15 1
vn -2.691222917490974e-16 1 -1.3322676295501878e-15
vn 0 -1.3322676295501878e-15 -1
usemtl m_b6a6bdb1-76c8-d7f3-173e-6f868ebb456e
f 106/305/78 104/306/78 102/307/78
f 104/308/79 106/309/79 107/310/79 105/311/79
f 105/312/80 107/313/80 103/314/80
f 108/315/81 106/316/81 102/317/81
f 106/318/82 108/319/82 109/320/82 107/321/82
f 107/322/83 109/323/83 103/324/83
f 110/325/84 108/326/84 102/327/84
f 108/328/85 110/329/85 111/330/85 109/331/85
f 109/332/86 111/333/86 103/334/86
f 112/335/87 110/336/87 102/337/87
f 110/338/88 112/339/88 113/340/88 111/341/88
f 111/342/89 113/343/89 103/344/89
f 114/345/90 112/346/90 102/347/90
f 112/348/91 114/349/91 115/350/91 113/351/91
f 113/352/92 115/353/92 103/354/92
f 104/355/93 114/356/93 102/357/93
f 114/358/94 104/359/94 105/360/94 115/361/94
f 115/362/95 105/363/95 103/364/95
o cube
v -0.1707531754730548 2.6160254037844384 3.5625
v -0.1707531754730548 2.6160254037844384 1.25
v -0.0625 2.5535254037844384 3.5625
v -0.0625 2.5535254037844384 1.25
v -1.2332531754730547 0.7757214207425065 1.25
v -1.2332531754730547 0.7757214207425065 3.5625
v -1.125 0.7132214207425065 1.25
v -1.125 0.7132214207425065 3.5625
vt 0 1
vt 0.265625 1
vt 0.265625 0.984375
vt 0 0.984375
vt 0 1
vt 0.2890625 1
vt 0.2890625 0.984375
vt 0 0.984375
vt 0 1
vt 0.265625 1
vt 0.265625 0.984375
vt 0 0.984375
vt 0 1
vt 0.2890625 1
vt 0.2890625 0.984375
vt 0 0.984375
vt 0 1
vt 0.265625 1
vt 0.265625 0.7109375
vt 0 0.7109375
vt 0 1
vt 0.265625 1
vt 0.265625 0.7109375
vt 0 0.7109375
vn 0 0 -1
vn 0.5 0.8660254037844386 0
vn 0 0 1
vn -0.5 -0.8660254037844386 0
vn -0.8660254037844386 0.5 0
vn 0.8660254037844386 -0.5 0
usemtl m_62615881-b27c-7012-8a1d-c87b67a2c69a
f 119/368/96 122/367/96 120/366/96 117/365/96
f 118/372/97 119/371/97 117/370/97 116/369/97
f 123/376/98 118/375/98 116/374/98 121/373/98
f 122/380/99 123/379/99 121/378/99 120/377/99
f 121/384/100 116/383/100 117/382/100 120/381/100
f 122/388/101 119/387/101 118/386/101 123/385/101
o cube
v -1.1655598971297998 0.8344817209239066 3.5625
v -1.1655598971297998 0.8344817209239066 1.25
v -1.1228073792140914 0.717020143325668 3.5625
v -1.1228073792140914 0.717020143325668 1.25
v -3.044945138701617 0.15044143427257062 1.25
v -3.044945138701617 0.15044143427257062 3.5625
v -3.002192620785909 0.03297985667433201 1.25
v -3.002192620785909 0.03297985667433201 3.5625
vt 0 0.6953125
vt 0.25 0.6953125
vt 0.25 0.6796875
vt 0 0.6796875
vt 0 0.7109375
vt 0.2890625 0.7109375
vt 0.2890625 0.6953125
vt 0 0.6953125
vt 0.25 0.6953125
vt 0.5 0.6953125
vt 0.5 0.6796875
vt 0.25 0.6796875
vt 0.2890625 0.7109375
vt 0.578125 0.7109375
vt 0.578125 0.6953125
vt 0.2890625 0.6953125
vt 0.25 0.7109375
vt 0 0.7109375
vt 0 1
vt 0.25 1
vt 0.5 1
vt 0.25 1
vt 0.25 0.7109375
vt 0.5 0.7109375
vn 0 0 -1
vn 0.9396926207859086 0.342020143325668 0
vn 0 0 1
vn -0.9396926207859086 -0.342020143325668 0
vn -0.342020143325668 0.9396926207859086 0
vn 0.342020143325668 -0.9396926207859086 0
usemtl m_62615881-b27c-7012-8a1d-c87b67a2c69a
f 127/392/102 130/391/102 128/390/102 125/389/102
f 126/396/103 127/395/103 125/394/103 124/393/103
f 131/400/104 126/399/104 124/398/104 129/397/104
f 130/404/105 131/403/105 129/402/105 128/401/105
f 129/408/106 124/407/106 125/406/106 128/405/106
f 130/412/107 127/411/107 126/410/107 131/409/107
o cube
v -2.992910834064797 0.16236859451380914 3.5625
v -2.992910834064797 0.16236859451380914 2.75
v -3.0038053019082547 0.037844257252340974 3.5625
v -3.0038053019082547 0.037844257252340974 2.75
v -6.790903120539577 0.49464986373925934 2.75
v -6.790903120539577 0.49464986373925934 3.5625
v -6.8017975883830335 0.3701255264777912 2.75
v -6.8017975883830335 0.3701255264777912 3.5625
vt 0 1
vt 0.953125 1
vt 0.953125 0.96875
vt 0 0.96875
vt 0 1
vt 0.203125 1
vt 0.203125 0.96875
vt 0 0.96875
vt 0 1
vt 0.953125 1
vt 0.953125 0.96875
vt 0 0.96875
vt 0 1
vt 0.203125 1
vt 0.203125 0.96875
vt 0 0.96875
vt 0 1
vt 0.953125 1
vt 0.953125 0.796875
vt 0 0.796875
vt 0 1
vt 0.953125 1
vt 0.953125 0.796875
vt 0 0.796875
vn 0 0 -1
vn 0.9961946980917454 -0.08715574274765908 0
vn 0 0 1
vn -0.9961946980917454 0.08715574274765908 0
vn 0.08715574274765908 0.9961946980917454 0
vn -0.08715574274765908 -0.9961946980917454 0
usemtl m_994fff11-7665-28e7-b7d4-693b1ef39239
f 135/416/108 138/415/108 136/414/108 133/413/108
f 134/420/109 135/419/109 133/418/109 132/417/109
f 139/424/110 134/423/110 132/422/110 137/421/110
f 138/428/111 139/427/111 137/426/111 136/425/111
f 137/432/112 132/431/112 133/430/112 136/429/112
f 138/436/113 135/435/113 134/434/113 139/433/113
o cube
v -2.992910834064797 0.16236859451380914 2.75
v -2.992910834064797 0.16236859451380914 2.1875
v -3.0038053019082547 0.037844257252340974 2.75
v -3.0038053019082547 0.037844257252340974 2.1875
v -5.483397579294161 0.3802579513829568 2.1875
v -5.483397579294161 0.3802579513829568 2.75
v -5.494292047137618 0.25573361412148865 2.1875
v -5.494292047137618 0.25573361412148865 2.75
vt 0 1
vt 0.625 1
vt 0.625 0.96875
vt 0 0.96875
vt 0 1
vt 0.140625 1
vt 0.140625 0.96875
vt 0 0.96875
vt 0 1
vt 0.625 1
vt 0.625 0.96875
vt 0 0.96875
vt 0 1
vt 0.140625 1
vt 0.140625 0.96875
vt 0 0.96875
vt 0 1
vt 0.625 1
vt 0.625 0.859375
vt 0 0.859375
vt 0 1
vt 0.625 1
vt 0.625 0.859375
vt 0 0.859375
vn 0 0 -1
vn 0.9961946980917454 -0.08715574274765908 0
vn 0 0 1
vn -0.9961946980917454 0.08715574274765908 0
vn 0.08715574274765908 0.9961946980917454 0
vn -0.08715574274765908 -0.9961946980917454 0
usemtl m_994fff11-7665-28e7-b7d4-693b1ef39239
f 143/440/114 146/439/114 144/438/114 141/437/114
f 142/444/115 143/443/115 141/442/115 140/441/115
f 147/448/116 142/447/116 140/446/116 145/445/116
f 146/452/117 147/451/117 145/450/117 144/449/117
f 145/456/118 140/455/118 141/454/118 144/453/118
f 146/460/119 143/459/119 142/458/119 147/457/119
o cube
v -2.998358067986526 0.10010642588307506 2.1875
v -2.998358067986526 0.10010642588307506 1.5
v -3.0038053019082547 0.037844257252340974 2.1875
v -3.0038053019082547 0.037844257252340974 1.5
v -4.492650115124144 0.2308400400045636 1.5
v -4.492650115124144 0.2308400400045636 2.1875
v -4.498097349045873 0.1685778713738295 1.5
v -4.498097349045873 0.1685778713738295 2.1875
vt 0 0.65625
vt 0.375 0.65625
vt 0.375 0.625
vt 0 0.625
vt 0.375 1
vt 0.546875 1
vt 0.546875 0.96875
vt 0.375 0.96875
vt 0 0.625
vt 0.375 0.625
vt 0.375 0.59375
vt 0 0.59375
vt 0.375 0.96875
vt 0.546875 0.96875
vt 0.546875 0.9375
vt 0.375 0.9375
vt 0.375 0.828125
vt 0 0.828125
vt 0 1
vt 0.375 1
vt 0.375 0.828125
vt 0 0.828125
vt 0 0.65625
vt 0.375 0.65625
vn -1.3025875012556611e-18 1.7437175609161e-17 -1
vn 0.9961946980917454 -0.08715574274765905 -2.817380754189256e-18
vn 1.3025875012556611e-18 -1.7437175609161e-17 1
vn -0.9961946980917454 0.08715574274765905 2.817380754189256e-18
vn 0.08715574274765905 0.9961946980917454 1.7257293910375138e-17
vn -0.08715574274765905 -0.9961946980917454 -1.7257293910375138e-17
usemtl m_045908e0-6ee5-2295-479b-ca5738af9a47
f 151/464/120 154/463/120 152/462/120 149/461/120
f 150/468/121 151/467/121 149/466/121 148/465/121
f 155/472/122 150/471/122 148/470/122 153/469/122
f 154/476/123 155/475/123 153/474/123 152/473/123
f 153/480/124 148/479/124 149/478/124 152/477/124
f 154/484/125 151/483/125 150/482/125 155/481/125
o cube
v -2.8494587634760977 0.1569213605920804 1.5192957437186174
v -3.2246295117295634 0.1569213605920804 0.7985994417613123
v -2.8639540299743853 -0.02986514530012191 1.5268415018465924
v -3.239124778227851 -0.02986514530012191 0.8061451998892877
v -7.145761994886319 0.5436749690348177 2.839811813340872
v -6.770591246632854 0.5436749690348177 3.560508115298177
v -7.160257261384607 0.35688846314261546 2.847357571468847
v -6.785086513131142 0.35688846314261546 3.5680538734261518
vt 0 1
vt 1 1
vt 1 0.953125
vt 0 0.953125
vt 0 1
vt 0.203125 1
vt 0.203125 0.953125
vt 0 0.953125
vt 0 1
vt 1 1
vt 1 0.953125
vt 0 0.953125
vt 0 1
vt 0.203125 1
vt 0.203125 0.953125
vt 0 0.953125
vt 0 1
vt 1 1
vt 1 0.796875
vt 0 0.796875
vt 0 1
vt 1 1
vt 1 0.796875
vt 0 0.796875
vn -0.4617486132350344 0 -0.8870108331782216
vn 0.8836354891620859 -0.08715574274765911 -0.4599915203559572
vn 0.4617486132350344 0 0.8870108331782216
vn -0.8836354891620859 0.08715574274765911 0.4599915203559572
vn 0.07730808799086786 0.9961946980917454 -0.040244043349201
vn -0.07730808799086786 -0.9961946980917454 0.040244043349201
usemtl m_007e98d7-30a8-48eb-e434-ba9a39c50384
f 159/488/126 162/487/126 160/486/126 157/485/126
f 158/492/127 159/491/127 157/490/127 156/489/127
f 163/496/128 158/495/128 156/494/128 161/493/128
f 162/500/129 163/499/129 161/498/129 160/497/129
f 161/504/130 156/503/130 157/502/130 160/501/130
f 162/508/131 159/507/131 158/506/131 163/505/131
o cube
v -0.13030517561438515 2.5761901224691806 3.5625
v -0.13030517561438515 2.5761901224691806 2.875
v -0.14662094964189165 2.452259514797454 3.5625
v -0.14662094964189165 2.452259514797454 2.875
v -3.600362190422721 3.0330317952393644 2.875
v -3.600362190422721 3.0330317952393644 3.5625
v -3.616677964450228 2.909101187567638 2.875
v -3.616677964450228 2.909101187567638 3.5625
vt 0 1
vt 0.4375 1
vt 0.4375 0.984375
vt 0 0.984375
vt 0 1
vt 0.0859375 1
vt 0.0859375 0.984375
vt 0 0.984375
vt 0 1
vt 0.4375 1
vt 0.4375 0.984375
vt 0 0.984375
vt 0 1
vt 0.0859375 1
vt 0.0859375 0.984375
vt 0 0.984375
vt 0 1
vt 0.4375 1
vt 0.4375 0.9140625
vt 0 0.9140625
vt 0 1
vt 0.4375 1
vt 0.4375 0.9140625
vt 0 0.9140625
vn 0 0 -1
vn 0.9914448613738103 -0.13052619222005246 0
vn 0 0 1
vn -0.9914448613738103 0.13052619222005246 0
vn 0.13052619222005246 0.9914448613738103 0
vn -0.13052619222005246 -0.9914448613738103 0
usemtl m_994fff11-7665-28e7-b7d4-693b1ef39239
f 167/512/132 170/511/132 168/510/132 165/509/132
f 166/516/133 167/515/133 165/514/133 164/513/133
f 171/520/134 166/519/134 164/518/134 169/517/134
f 170/524/135 171/523/135 169/522/135 168/521/135
f 169/528/136 164/527/136 165/526/136 168/525/136
f 170/532/137 167/531/137 166/530/137 171/529/137
o cube
v 0.0017833190710945246 2.6218396522775373 3.625
v 0.0017833190710945246 2.6218396522775373 1.25
v -0.022690341970165395 2.435943740769948 3.625
v -0.022690341970165395 2.435943740769948 1.25
v -0.2460778962723581 2.6544712003325506 1.25
v -0.2460778962723581 2.6544712003325506 3.625
v -0.2705515573136179 2.468575288824961 1.25
v -0.2705515573136179 2.468575288824961 3.625
vt 0 1
vt 0.0625 1
vt 0.0625 0.953125
vt 0 0.953125
vt 0 1
vt 0.59375 1
vt 0.59375 0.953125
vt 0 0.953125
vt 0 1
vt 0.0625 1
vt 0.0625 0.953125
vt 0 0.953125
vt 0 1
vt 0.59375 1
vt 0.59375 0.953125
vt 0 0.953125
vt 0 1
vt 0.0625 1
vt 0.0625 0.40625
vt 0 0.40625
vt 0 1
vt 0.0625 1
vt 0.0625 0.40625
vt 0 0.40625
vn 0 0 -1
vn 0.9914448613738103 -0.13052619222005246 0
vn 0 0 1
vn -0.9914448613738103 0.13052619222005246 0
vn 0.13052619222005246 0.9914448613738103 0
vn -0.13052619222005246 -0.9914448613738103 0
usemtl m_96e5cec6-61ff-e57b-663f-81bf58217849
f 175/536/138 178/535/138 176/534/138 173/533/138
f 174/540/139 175/539/139 173/538/139 172/537/139
f 179/544/140 174/543/140 172/542/140 177/541/140
f 178/548/141 179/547/141 177/546/141 176/545/141
f 177/552/142 172/551/142 173/550/142 176/549/142
f 178/556/143 175/555/143 174/554/143 179/553/143
o cube
v -0.13030517561438515 2.5761901224691806 2.875
v -0.13030517561438515 2.5761901224691806 2.4375
v -0.14662094964189165 2.452259514797454 2.875
v -0.14662094964189165 2.452259514797454 2.4375
v -2.299090809869595 2.8617161679505454 2.4375
v -2.299090809869595 2.8617161679505454 2.875
v -2.3154065838971016 2.7377855602788195 2.4375
v -2.3154065838971016 2.7377855602788195 2.875
vt 0 1
vt 0.2734375 1
vt 0.2734375 0.984375
vt 0 0.984375
vt 0 1
vt 0.0546875 1
vt 0.0546875 0.984375
vt 0 0.984375
vt 0 1
vt 0.2734375 1
vt 0.2734375 0.984375
vt 0 0.984375
vt 0 1
vt 0.0546875 1
vt 0.0546875 0.984375
vt 0 0.984375
vt 0 1
vt 0.2734375 1
vt 0.2734375 0.9453125
vt 0 0.9453125
vt 0 1
vt 0.2734375 1
vt 0.2734375 0.9453125
vt 0 0.9453125
vn 0 0 -1
vn 0.9914448613738103 -0.13052619222005246 0
vn 0 0 1
vn -0.9914448613738103 0.13052619222005246 0
vn 0.13052619222005246 0.9914448613738103 0
vn -0.13052619222005246 -0.9914448613738103 0
usemtl m_994fff11-7665-28e7-b7d4-693b1ef39239
f 183/560/144 186/559/144 184/558/144 181/557/144
f 182/564/145 183/563/145 181/562/145 180/561/145
f 187/568/146 182/567/146 180/566/146 185/565/146
f 186/572/147 187/571/147 185/570/147 184/569/147
f 185/576/148 180/575/148 181/574/148 184/573/148
f 186/580/149 183/579/149 182/578/149 187/577/149
o cube
v -0.13030517561438515 2.5761901224691806 2.4375
v -0.13030517561438515 2.5761901224691806 2
v -0.14662094964189165 2.452259514797454 2.4375
v -0.14662094964189165 2.452259514797454 2
v -1.6174724676751004 2.7719794107992595 2
v -1.6174724676751004 2.7719794107992595 2.4375
v -1.633788241702607 2.648048803127533 2
v -1.633788241702607 2.648048803127533 2.4375
vt 0 1
vt 0.1875 1
vt 0.1875 0.984375
vt 0 0.984375
vt 0 1
vt 0.0546875 1
vt 0.0546875 0.984375
vt 0 0.984375
vt 0 1
vt 0.1875 1
vt 0.1875 0.984375
vt 0 0.984375
vt 0 1
vt 0.0546875 1
vt 0.0546875 0.984375
vt 0 0.984375
vt 0 1
vt 0.1875 1
vt 0.1875 0.9453125
vt 0 0.9453125
vt 0 1
vt 0.1875 1
vt 0.1875 0.9453125
vt 0 0.9453125
vn 0 0 -1
vn 0.9914448613738103 -0.13052619222005246 0
vn 0 0 1
vn -0.9914448613738103 0.13052619222005246 0
vn 0.13052619222005246 0.9914448613738103 0
vn -0.13052619222005246 -0.9914448613738103 0
usemtl m_994fff11-7665-28e7-b7d4-693b1ef39239
f 191/584/150 194/583/150 192/582/150 189/581/150
f 190/588/151 191/587/151 189/586/151 188/585/151
f 195/592/152 190/591/152 188/590/152 193/589/152
f 194/596/153 195/595/153 193/594/153 192/593/153
f 193/600/154 188/599/154 189/598/154 192/597/154
f 194/604/155 191/603/155 190/602/155 195/601/155
o cube
v -0.5873933653027898 2.702271664943419 1.8587254243502302
v -0.9311433653027903 2.7282423195130967 1.2638996409470376
v -0.6085881774881303 2.51601892210182 1.8628419423459825
v -0.9523381774881309 2.541989576671498 1.2680161589427896
v -3.9363008927072016 3.1089682996842667 3.01720393955219
v -3.592550892707201 3.082997645114589 3.6120297229553833
v -3.9574957048925423 2.9227155568426677 3.0213204575479424
v -3.613745704892542 2.8967449022729896 3.616146240951135
vt 0 0.65625
vt 0.875 0.65625
vt 0.875 0.609375
vt 0 0.609375
vt 0 0.5625
vt 0.171875 0.5625
vt 0.171875 0.515625
vt 0 0.515625
vt 0 0.609375
vt 0.875 0.609375
vt 0.875 0.5625
vt 0 0.5625
vt 0.171875 0.5625
vt 0.34375 0.5625
vt 0.34375 0.515625
vt 0.171875 0.515625
vt 0.875 0.828125
vt 0 0.828125
vt 0 1
vt 0.875 1
vt 0.875 0.828125
vt 0 0.828125
vt 0 0.65625
vt 0.875 0.65625
vn -0.5000000000000008 0.037775497555895 -0.8652011394955532
vn 0.8586164364012605 -0.10877885147747711 -0.500944085315758
vn 0.5000000000000008 -0.037775497555895 0.8652011394955532
vn -0.8586164364012605 0.10877885147747711 0.500944085315758
vn 0.11303899832181619 0.993347961821861 -0.02195476264401154
vn -0.11303899832181619 -0.993347961821861 0.02195476264401154
usemtl m_cacfb8c7-6449-48af-0c7e-9799e265096c
f 199/608/156 202/607/156 200/606/156 197/605/156
f 198/612/157 199/611/157 197/610/157 196/609/157
f 203/616/158 198/615/158 196/614/158 201/613/158
f 202/620/159 203/619/159 201/618/159 200/617/159
f 201/624/160 196/623/160 197/622/160 200/621/160
f 202/628/161 199/627/161 198/626/161 203/625/161
o cube
v -0.13991035382950617 2.6689359497554586 1.994215754592192
v -0.1401966323408675 2.664581122590824 1.2442284523496936
v -0.16067848727939754 2.482592861140155 1.9953056895979278
v -0.16096476579075886 2.4782380339755203 1.2453183873554297
v -0.947697102744893 2.7545766467009 1.244014122160344
v -0.9474108242335317 2.758931473865535 1.9940014244028421
v -0.9684652361947844 2.568233558085597 1.2451040571660803
v -0.9681789576834231 2.572588385250232 1.995091359408578
vt 0 1
vt 0.203125 1
vt 0.203125 0.953125
vt 0 0.953125
vt 0 1
vt 0.1875 1
vt 0.1875 0.953125
vt 0 0.953125
vt 0 1
vt 0.203125 1
vt 0.203125 0.953125
vt 0 0.953125
vt 0 1
vt 0.1875 1
vt 0.1875 0.953125
vt 0 0.953125
vt 0 1
vt 0.203125 1
vt 0.203125 0.8125
vt 0 0.8125
vt 0 1
vt 0.203125 1
vt 0.203125 0.8125
vt 0 0.8125
vn -0.0003817046818150603 -0.0058064362195129355 -0.9999830696566641
vn 0.9938467328049545 -0.11076372198163309 0.00026379100227620053
vn 0.0003817046818150603 0.0058064362195129355 0.9999830696566641
vn -0.9938467328049545 0.11076372198163309 -0.00026379100227620053
vn 0.11076337839942076 0.9938298059482842 -0.005812986697258934
vn -0.11076337839942076 -0.9938298059482842 0.005812986697258934
usemtl m_cacfb8c7-6449-48af-0c7e-9799e265096c
f 207/632/162 210/631/162 208/630/162 205/629/162
f 206/636/163 207/635/163 205/634/163 204/633/163
f 211/640/164 206/639/164 204/638/164 209/637/164
f 210/644/165 211/643/165 209/642/165 208/641/165
f 209/648/166 204/647/166 205/646/166 208/645/166
f 210/652/167 207/651/167 206/650/167 211/649/167
o cylinder
v -3.25 0.06250000000000058 0.9375
v -3.25 0.06249999999999875 -0.4375
v -3.2113248654051874 0.12500000000000058 0.9374999999999999
v -3.2113248654051874 0.12499999999999875 -0.4375000000000001
v -3.1726497308103743 0.06250000000000058 0.9375
v -3.1726497308103743 0.06249999999999876 -0.4375
v -3.2113248654051874 5.828670879282072e-16 0.9375000000000001
v -3.2113248654051874 -1.2490009027033011e-15 -0.4374999999999999
v -3.288675134594813 5.898059818321144e-16 0.9375
v -3.288675134594813 -1.2490009027033011e-15 -0.4374999999999999
v -3.3273502691896257 0.06250000000000057 0.9375
v -3.3273502691896257 0.06249999999999874 -0.4375
v -3.288675134594813 0.12500000000000056 0.9375
v -3.288675134594813 0.12499999999999872 -0.4375000000000001
vt 0.22617500000000001 0.96875
vt 0.2068375 1
vt 0.1875 0.96875
vt 0.15625 0.3125
vt 0.1875 0.3125
vt 0.1875 1
vt 0.15625 1
vt 0.2068375 0.9375
vt 0.22617500000000001 0.96875
vt 0.1875 0.96875
vt 0.2068375 0.90625
vt 0.22617500000000001 0.9375
vt 0.1875 0.9375
vt 0.0625 0.3125
vt 0.09375 0.3125
vt 0.09375 1
vt 0.0625 1
vt 0.22617500000000001 0.875
vt 0.2068375 0.90625
vt 0.1875 0.875
vt 0.1875 0.84375
vt 0.22617500000000001 0.84375
vt 0.2068375 0.875
vt 0 0.3125
vt 0.03125 0.3125
vt 0.03125 1
vt 0 1
vt 0.22617500000000001 0.84375
vt 0.1875 0.84375
vt 0.2068375 0.8125
vt 0.1875 0.8125
vt 0.2068375 0.78125
vt 0.22617500000000001 0.8125
vt 0.09375 0.3125
vt 0.125 0.3125
vt 0.125 1
vt 0.09375 1
vt 0.2068375 0.78125
vt 0.1875 0.75
vt 0.22617500000000001 0.75
vt 0.2693375 1
vt 0.25 0.96875
vt 0.288675 0.96875
vt 0.125 0.3125
vt 0.15625 0.3125
vt 0.15625 1
vt 0.125 1
vt 0.25 0.96875
vt 0.2693375 0.9375
vt 0.288675 0.96875
vt 0.288675 0.9375
vt 0.25 0.9375
vt 0.2693375 0.90625
vt 0.03125 0.3125
vt 0.0625 0.3125
vt 0.0625 1
vt 0.03125 1
vt 0.25 0.875
vt 0.288675 0.875
vt 0.2693375 0.90625
vn 0 1.3322676295501878e-15 1
vn 0.8503585501878059 0.5262037021178135 -7.010441588810326e-16
vn 0 -1.3322676295501878e-15 -1
vn 0 1.3322676295501878e-15 1
vn 0.8503585501878062 -0.5262037021178135 7.010441588810326e-16
vn 0 -1.3322676295501878e-15 -1
vn 0 1.3322676295501878e-15 1
vn -8.97074305830325e-17 -1 1.3322676295501878e-15
vn 0 -1.3322676295501878e-15 -1
vn 0 1.3322676295501878e-15 1
vn -0.850358550187806 -0.5262037021178134 7.010441588810324e-16
vn 0 -1.3322676295501878e-15 -1
vn 0 1.3322676295501878e-15 1
vn -0.8503585501878063 0.5262037021178131 -7.010441588810321e-16
vn 0 -1.3322676295501878e-15 -1
vn 0 1.3322676295501878e-15 1
vn -2.691222917490974e-16 1 -1.3322676295501878e-15
vn 0 -1.3322676295501878e-15 -1
usemtl m_b6a6bdb1-76c8-d7f3-173e-6f868ebb456e
f 216/653/168 214/654/168 212/655/168
f 214/656/169 216/657/169 217/658/169 215/659/169
f 215/660/170 217/661/170 213/662/170
f 218/663/171 216/664/171 212/665/171
f 216/666/172 218/667/172 219/668/172 217/669/172
f 217/670/173 219/671/173 213/672/173
f 220/673/174 218/674/174 212/675/174
f 218/676/175 220/677/175 221/678/175 219/679/175
f 219/680/176 221/681/176 213/682/176
f 222/683/177 220/684/177 212/685/177
f 220/686/178 222/687/178 223/688/178 221/689/178
f 221/690/179 223/691/179 213/692/179
f 224/693/180 222/694/180 212/695/180
f 222/696/181 224/697/181 225/698/181 223/699/181
f 223/700/182 225/701/182 213/702/182
f 214/703/183 224/704/183 212/705/183
f 224/706/184 214/707/184 215/708/184 225/709/184
f 225/710/185 215/711/185 213/712/185
o cone
v 0 0.9961084761512595 0.9359884353373817
v 0 0.9742987824685907 0.4364643245464529
v 0.15072142074250627 1.5580731007910544 0.9114525299443794
v 0.41177857925749306 1.407495133443962 0.9180269059800008
v 0.5625 1.1466864434983512 0.9294140593017604
v 0.5625 0.8455305088041669 0.9425628113730031
v 0.41177857925749306 0.584721818858557 0.9539499646947627
v 0.15072142074250694 0.4341438515114644 0.9605243407303841
v -0.15072142074250627 0.4341438515114644 0.9605243407303841
v -0.41177857925749306 0.5847218188585563 0.9539499646947627
v -0.5625 0.8455305088041676 0.9425628113730031
v -0.5625 1.1466864434983512 0.9294140593017604
v -0.4117785792574937 1.407495133443962 0.9180269059800008
v -0.15072142074250627 1.5580731007910544 0.9114525299443794
vt 0.20753437979190303 0.8727953101040484
vt 0.19019700540068535 0.9375
vt 0.078125 0.8727953101040484
vt 0.078125 0.760721875
vt 0.1451125 0.760721875
vt 0.11161875 0.9375
vt 0.20753454867807283 0.8727953945470232
vt 0.19019685914090836 0.9375
vt 0.078125 0.8727953945470233
vt 0.078125 0.760721875
